soma_tau  w_k     scale | firing rate | mean max|v| | mean|u_k| (tau=2..16)
     1.0   1/K     1.0 |       0.000 |       0.543 | [0.433 0.249 0.149 0.086]
     1.0   1/K     2.0 |       0.026 |       1.073 | [0.866 0.499 0.297 0.172]
     1.0   1/K     4.0 |       0.120 |       2.019 | [1.732 0.997 0.594 0.344]
     1.0   1/K     8.0 |       0.243 |       3.912 | [3.463 1.995 1.189 0.688]
     1.0   1.0     1.0 |       0.120 |       2.019 | [0.433 0.249 0.149 0.086]
     1.0   1.0     2.0 |       0.243 |       3.912 | [0.866 0.499 0.297 0.172]
     1.0   1.0     4.0 |       0.321 |       8.135 | [1.732 0.997 0.594 0.344]
     1.0   1.0     8.0 |       0.374 |      16.774 | [3.463 1.995 1.189 0.688]
     2.0   1/K     1.0 |       0.000 |       0.341 | [0.433 0.249 0.149 0.086]
     2.0   1/K     2.0 |       0.004 |       0.681 | [0.866 0.499 0.297 0.172]
     2.0   1/K     4.0 |       0.044 |       1.173 | [1.732 0.997 0.594 0.344]
     2.0   1/K     8.0 |       0.138 |       2.157 | [3.463 1.995 1.189 0.688]
     2.0   1.0     1.0 |       0.044 |       1.173 | [0.433 0.249 0.149 0.086]
     2.0   1.0     2.0 |       0.138 |       2.157 | [0.866 0.499 0.297 0.172]
     2.0   1.0     4.0 |       0.243 |       4.462 | [1.732 0.997 0.594 0.344]
     2.0   1.0     8.0 |       0.323 |       9.792 | [3.463 1.995 1.189 0.688]

Same, but alpha=1 branches (SOE-equivalent baseline), soma_tau=1, w=1.0
  scale=1.0  firing rate=0.130
  scale=2.0  firing rate=0.244
  scale=4.0  firing rate=0.331
