alpha=0.7, T=42, b0=1.1005, B=13.9615
uniform-on-answer POLICY (상한이 아님, prereg 2H)

    정답 칸    lag    eta=0.2   eta=0.3   eta=0.5   eta=0.7   eta=0.9   eta=1.0
       1      5     0.0925    0.1043    0.1402    0.2137    0.4491    1.0000
       1     21     0.0915    0.1033    0.1388    0.2118    0.4463    1.0000
       1     35     0.0913    0.1030    0.1384    0.2112    0.4455    1.0000

       2      5     0.1746    0.1947    0.2528    0.3606    0.6285    1.0000
       2     21     0.1709    0.1907    0.2481    0.3548    0.6226    1.0000
       2     35     0.1700    0.1897    0.2469    0.3533    0.6210    1.0000

       3      5     0.2485    0.2743    0.3461    0.4686    0.7257    1.0000
       3     21     0.2406    0.2658    0.3364    0.4579    0.7171    1.0000
       3     35     0.2387    0.2638    0.3341    0.4554    0.7150    1.0000

       4      5     0.3088    0.3459    0.4254    0.5524    0.7873    1.0000
       4     21     0.2719    0.3311    0.4093    0.5359    0.7760    1.0000
       4     35     0.2613    0.3279    0.4058    0.5323    0.7735    1.0000

       6     21     0.3097    0.3960    0.5229    0.6463    0.8457    1.0000
       6     35     0.2928    0.3812    0.5169    0.6407    0.8425    1.0000

      10     21     0.3898    0.4661    0.6186    0.7688    0.9118    1.0000
      10     35     0.3578    0.4381    0.5986    0.7590    0.9076    1.0000

0.5를 넘는 최소 eta (정답 칸을 lag 21부터 연속 배치)
    정답 칸   uniform  free bound
       1     0.920       0.920
       2     0.840       0.840
       3     0.750       0.750
       4     0.655       0.655
       6     0.455       0.455
      10     0.345       0.345
